         0         0    1.0000
         0    0.0118    1.0000
         0    0.0236    1.0000
         0    0.0354    1.0000
         0    0.0472    1.0000
         0    0.0591    1.0000
         0    0.0709    1.0000
         0    0.0827    1.0000
         0    0.0945    1.0000
         0    0.1063    1.0000
         0    0.1181    1.0000
         0    0.1299    1.0000
         0    0.1417    1.0000
         0    0.1535    1.0000
         0    0.1654    1.0000
         0    0.1772    1.0000
         0    0.1890    1.0000
         0    0.2008    1.0000
         0    0.2126    1.0000
         0    0.2244    1.0000
         0    0.2362    1.0000
         0    0.2480    1.0000
         0    0.2598    1.0000
         0    0.2717    1.0000
         0    0.2835    1.0000
         0    0.2953    1.0000
         0    0.3071    1.0000
         0    0.3189    1.0000
         0    0.3307    1.0000
         0    0.3425    1.0000
         0    0.3543    1.0000
         0    0.3661    1.0000
         0    0.3780    1.0000
         0    0.3898    1.0000
         0    0.4016    1.0000
         0    0.4134    1.0000
         0    0.4252    1.0000
         0    0.4370    1.0000
         0    0.4488    1.0000
         0    0.4606    1.0000
         0    0.4724    1.0000
         0    0.4843    1.0000
         0    0.4961    1.0000
         0    0.5079    1.0000
         0    0.5197    1.0000
         0    0.5315    1.0000
         0    0.5433    1.0000
         0    0.5551    1.0000
         0    0.5669    1.0000
         0    0.5787    1.0000
         0    0.5906    1.0000
         0    0.6024    1.0000
         0    0.6142    1.0000
         0    0.6260    1.0000
         0    0.6378    1.0000
         0    0.6496    1.0000
         0    0.6614    1.0000
         0    0.6732    1.0000
         0    0.6850    1.0000
         0    0.6969    1.0000
         0    0.7087    1.0000
         0    0.7205    1.0000
         0    0.7323    1.0000
         0    0.7441    1.0000
         0    0.7559    1.0000
         0    0.7677    1.0000
         0    0.7795    1.0000
         0    0.7913    1.0000
         0    0.8031    1.0000
         0    0.8150    1.0000
         0    0.8268    1.0000
         0    0.8386    1.0000
         0    0.8504    1.0000
         0    0.8622    1.0000
         0    0.8740    1.0000
         0    0.8858    1.0000
         0    0.8976    1.0000
         0    0.9094    1.0000
         0    0.9213    1.0000
         0    0.9331    1.0000
         0    0.9449    1.0000
         0    0.9567    1.0000
         0    0.9685    1.0000
         0    0.9803    1.0000
         0    0.9921    1.0000
    0.9500    0.9500    0.9500
    0.9500    0.9500    0.9500
    0.9500    0.9500    0.9500
    0.9500    0.9500    0.9500
    0.9500    0.9500    0.9500
    0.9500    0.9500    0.9500
    0.9500    0.9500    0.9500
    0.9500    0.9500    0.9500
    0.9500    0.9500    0.9500
    0.9500    0.9500    0.9500
    0.9500    0.9500    0.9500
    0.9500    0.9500    0.9500
    0.9500    0.9500    0.9500
    0.9500    0.9500    0.9500
    0.9500    0.9500    0.9500
    0.9500    0.9500    0.9500
    0.9500    0.9500    0.9500
    0.9500    0.9500    0.9500
    0.9500    0.9500    0.9500
    0.9500    0.9500    0.9500
    0.9500    0.9500    0.9500
    0.9500    0.9500    0.9500
    0.9500    0.9500    0.9500
    0.9500    0.9500    0.9500
    0.9500    0.9500    0.9500
    0.9500    0.9500    0.9500
    0.9500    0.9500    0.9500
    0.9500    0.9500    0.9500
    0.9500    0.9500    0.9500
    0.9500    0.9500    0.9500
    0.9500    0.9500    0.9500
    0.9500    0.9500    0.9500
    0.9500    0.9500    0.9500
    0.9500    0.9500    0.9500
    0.9500    0.9500    0.9500
    0.9500    0.9500    0.9500
    0.9500    0.9500    0.9500
    0.9500    0.9500    0.9500
    0.9500    0.9500    0.9500
    0.9500    0.9500    0.9500
    0.9500    0.9500    0.9500
    0.9500    0.9500    0.9500
    0.9500    0.9500    0.9500
    0.9500    0.9500    0.9500
    0.9500    0.9500    0.9500
    0.9500    0.9500    0.9500
    0.9500    0.9500    0.9500
    0.9500    0.9500    0.9500
    0.9500    0.9500    0.9500
    0.9500    0.9500    0.9500
    0.9500    0.9500    0.9500
    0.9500    0.9500    0.9500
    0.9500    0.9500    0.9500
    0.9500    0.9500    0.9500
    0.9500    0.9500    0.9500
    0.9500    0.9500    0.9500
    0.9500    0.9500    0.9500
    0.9500    0.9500    0.9500
    0.9500    0.9500    0.9500
    0.9500    0.9500    0.9500
    0.9500    0.9500    0.9500
    0.9500    0.9500    0.9500
    0.9500    0.9500    0.9500
    0.9500    0.9500    0.9500
    0.9500    0.9500    0.9500
    0.9500    0.9500    0.9500
    0.9500    0.9500    0.9500
    0.9500    0.9500    0.9500
    0.9500    0.9500    0.9500
    0.9500    0.9500    0.9500
    0.9500    0.9500    0.9500
    0.9500    0.9500    0.9500
    0.9500    0.9500    0.9500
    0.9500    0.9500    0.9500
    0.9500    0.9500    0.9500
    0.9500    0.9500    0.9500
    0.9500    0.9500    0.9500
    0.9500    0.9500    0.9500
    0.9500    0.9500    0.9500
    0.9500    0.9500    0.9500
    0.9500    0.9500    0.9500
    0.9500    0.9500    0.9500
    0.9500    0.9500    0.9500
    0.9500    0.9500    0.9500
    0.9500    0.9500    0.9500
    0.9500    0.9500    0.9500
    1.0000    0.9921         0
    1.0000    0.9803         0
    1.0000    0.9685         0
    1.0000    0.9567         0
    1.0000    0.9449         0
    1.0000    0.9331         0
    1.0000    0.9213         0
    1.0000    0.9094         0
    1.0000    0.8976         0
    1.0000    0.8858         0
    1.0000    0.8740         0
    1.0000    0.8622         0
    1.0000    0.8504         0
    1.0000    0.8386         0
    1.0000    0.8268         0
    1.0000    0.8150         0
    1.0000    0.8031         0
    1.0000    0.7913         0
    1.0000    0.7795         0
    1.0000    0.7677         0
    1.0000    0.7559         0
    1.0000    0.7441         0
    1.0000    0.7323         0
    1.0000    0.7205         0
    1.0000    0.7087         0
    1.0000    0.6969         0
    1.0000    0.6850         0
    1.0000    0.6732         0
    1.0000    0.6614         0
    1.0000    0.6496         0
    1.0000    0.6378         0
    1.0000    0.6260         0
    1.0000    0.6142         0
    1.0000    0.6024         0
    1.0000    0.5906         0
    1.0000    0.5787         0
    1.0000    0.5669         0
    1.0000    0.5551         0
    1.0000    0.5433         0
    1.0000    0.5315         0
    1.0000    0.5197         0
    1.0000    0.5079         0
    1.0000    0.4961         0
    1.0000    0.4843         0
    1.0000    0.4724         0
    1.0000    0.4606         0
    1.0000    0.4488         0
    1.0000    0.4370         0
    1.0000    0.4252         0
    1.0000    0.4134         0
    1.0000    0.4016         0
    1.0000    0.3898         0
    1.0000    0.3780         0
    1.0000    0.3661         0
    1.0000    0.3543         0
    1.0000    0.3425         0
    1.0000    0.3307         0
    1.0000    0.3189         0
    1.0000    0.3071         0
    1.0000    0.2953         0
    1.0000    0.2835         0
    1.0000    0.2717         0
    1.0000    0.2598         0
    1.0000    0.2480         0
    1.0000    0.2362         0
    1.0000    0.2244         0
    1.0000    0.2126         0
    1.0000    0.2008         0
    1.0000    0.1890         0
    1.0000    0.1772         0
    1.0000    0.1654         0
    1.0000    0.1535         0
    1.0000    0.1417         0
    1.0000    0.1299         0
    1.0000    0.1181         0
    1.0000    0.1063         0
    1.0000    0.0945         0
    1.0000    0.0827         0
    1.0000    0.0709         0
    1.0000    0.0591         0
    1.0000    0.0472         0
    1.0000    0.0354         0
    1.0000    0.0236         0
    1.0000    0.0118         0
    1.0000         0         0